1173
512
6461
906
1141
11192
2698
493
1699
10551
1096
1068
7244
1078
2634
4131
2400
6615
4109
702
6687
5783
3324
11035
9661
2804
5942
1922
6098
4348
9720
221
491
2130
3699
7046
6622
3422
3896
8772
9862
26
2503
418
5880
3400
3167
223
2669
20041
2312
13144
18659
392
602
5839
687
1170
4672
1123
7325
3446
5103
1639
2055
6668
2607
577
6974
7548
303
2744
239
3112
3819
1847
2003
4024
6958
9488
10157
5762
4211
5934
2238
6438
49
3571
832
909
663
864
4025
3846
5223
2266
42
10907
7308
1120
17646
1617
195
9895
17544
2589
713
7028
3751
11556
2051
6701
4158
1781
40547
1019
11145
19212
12309
8653
8
196
7893
1697
9550
6287
1737
125
7752
1631
7954
5063
10340
4090
2753
1872
493
2988
3572
4997
3136
725
9224
5614
1843
8676
10329
175
16139
15789
1154
2076
13
1352
1606
1722
4440
5560
1108
2078
1339
464
2215
2570
1025
1527
5562
10861
1490
3416
2268
10545
2540
925
321
240
5495
5338
627
3020
3902
7289
1926
11971
1137
659
11989
1283
1136
3861
618
1824
8941
15537
2075
14509
6311
843
11845
3864
6127
3206
730
13266
4760
15912
584
1555
213
635
2686
18494
1203
4677
5952
7043
1611
8079
10281
179
3243
693
2073
1769
6531
329
1003
2308
6804
2215
17059
645
3507
2516
2068
9294
793
8097
2259
13239
3067
2260
8764
5721
1618
5309
1264
18418
2586
1812
12643
19154
187
22374
1747
3305
114
3107
803
308
976
190
22
4484
720
3800
6407
2798
1483
2396
10491
2335
3780
4541
1880
770
11479
5741
8464
495
10204
49
4224
638
4357
733
6357
6139
4630
1987
7318
1150
1766
948
7032
1601
961
24125
743
11546
505
1318
1061
3499
4947
5558
328
2515
4644
106
4095
6673
12039
4368
1257
7361
2679
3710
4651
15113
12709
4345
634
1550
10299
927
8246
3317
6234
2917
11877
338
19204
2529
4045
1997
2520
5851
4910
5038
10081
3049
3494
90
7
992
3289
5142
8228
639
4110
10415
1099
682
6661
166
3300
9933
848
11632
2826
3144
1988
173
3962
6109
838
1627
996
6896
3540
3379
1547
2877
1242
2710
6293
1941
23
3988
161
1097
2383
1454
651
21756
2609
2669
8153
13109
3895
4450
3941
8133
1615
7172
967
7467
11474
20220
4075
6396
6651
529
495
9559
9870
570
9281
2548
3695
3584
27624
8606
6205
4472
1298
6883
2939
1432
5287
1822
14237
2250
1511
5032
11526
2832
7412
4098
650
89
7281
815
338
3923
3646
992
3613
131
5451
6704
3614
2389
4474
4208
2681
13981
749
6755
4597
2936
10426
5390
1793
10842
6538
2799
137
4183
1733
5902
1933
2498
2995
949
4523
11478
7690
1503
4105
9981
3989
3187
3362
2192
1075
6546
6900
3459
760
416
6487
1379
40
744
180
10839
4100
608
8705
358
7887
1200
451
4789
494
4056
2419
1884
4927
870
8681
465
1466
537
7444
3748
477
8613
1509
3855
12296
4967
10902
5265
2181
3375
2608
4184
12615
916
7664
6388
597
5051
10032
4484
1122
1138
1647
3769
10144
10621
866
954
5415
2230
417
5080
4235
8736
2532
65
4681
2902
9910
5735
867
1235
1407
8950
1421
1571
5896
7684
684
11060
9904
8704
9639
4682
1964
6163
3454
5477
15555
28
3821
2033
1327
4875
3046
4062
593
6725
2412
6584
26984
301
2845
429
14394
4125
4115
21551
1555
2486
6228
27397
10957
2956
8870
479
2151
511
4210
12597
797
223
3887
18371
3090
12496
5179
1040
8525
4604
3304
729
1502
17781
13446
16506
1753
188
857
4231
813
16765
6624
2003
252
8221
6215
11718
532
21813
17043
34454
3298
1575
61
13750
2531
1064
3878
3047
384
2088
7648
12111
15779
3086
8336
8154
14299
9632
3165
8871
7277
2537
18622
3364
1959
31
19376
6779
2722
3093
2012
6801
4276
4089
198
5723
1789
11094
1591
4959
18
291
24792
7138
1099
1871
14299
3309
871
6287
360
3312
1920
9175
2248
7459
8335
4828
2458
4956
7322
1875
2487
5259
1503
2687
2062
3300
2111
337
3517
261
3485
1902
5466
10395
6085
11743
27099
9000
2534
558
30
2862
1712
3953
539
6085
2662
6004
4941
34476
962
608
5360
286
5040
1063
7670
10550
6491
1949
359
20843
5618
124
3274
9672
3004
6319
10611
4281
5838
4448
2862
1587
6589
11102
942
121
11221
8039
419
1419
1406
725
1942
11168
1009
5813
5303
4802
4075
1596
379
3012
1750
9046
4165
3621
1604
13656
2008
5496
8496
7453
851
948
1269
976
9732
2532
1349
10375
681
9232
2031
612
19105
6805
872
43
1977
197
4370
16080
1776
2747
5183
15773
4750
5035
12066
3912
14363
16266
583
2297
3289
1254
11841
5653
257
6795
7847
7204
703
4216
535
10955
1839
785
13265
11643
1094
2211
4257
9089
5701
5686
5961
18686
14341
1453
1435
6061
4456
15751
2841
1800
6797
416
4858
3991
6553
2171
7360
268
10117
10499
2583
3096
7576
1835
3397
318
1700
13925
5329
3690
2759
9702
3509
9377
2566
444
750
6640
941
9097
516
1086
319
7482
1592
4262
5062
4854
3256
3628
6160
405
4309
1920
2513
1514
2271
1610
9131
5178
13590
1741
1531
1046
1282
1876
1134
4311
11121
6451
1662
3917
13505
3714
2904
6402
12525
473
11381
1877
8917
7092
1342
1596
6356
5139
7742
1032
9975
2537
20821
1717
350
16129
2431
2396
5136
2038
485
8948
4029
1835
2720
5788
986
10048
1253
2050
291
1256
2587
2819
2757
2074
1887
3920
2
2542
1507
318
4342
2132
6562
11540
2269
10661
2469
6683
3537
1226
2708
3667
9196
753
5290
3397
11234
6465
1230
5271
4305
4284
1461
3731
4176
3741
1168
1415
14797
9310
4048
2444
673
59
5324
871
760
18821
14909
2971
2040
1475
3021
11484
930
2151
1582
4980
4743
5086
6636
561
10903
4284
5987
3843
4561
5123
9189
1808
1800
1417
5778
6329
5153
4018
18553
9454
19853
11126
4281
11527
5323
2938
4367
2484
2490
6834
3145
9694
739
505
14746
2632
4377
10761
18583
2961
1326
10039
9066
6427
750
3840
2703
202
630
2278
284
1965
2885
9852
21034
2030
1772
1078
2950
4332
495
2291
1995
8117
3243
993
3806
1384
1537
205
3450
2866
3806
3235
2261
116
6720
4588
2304
11423
6041
1053
5752
4485
4522
13030
461
11556
2909
6200
3326
10242
7241
7987
2067
2134
3104
1538
266
6517
6092
3941
66
891
23988
1058
7671
6344
1260
3350
557
1549
8840
2461
4788
999
4042
85
6235
237
4751
1250
6803
19423
7994
21932
12668
16
2505
945
887
10971
4492
1115
1204
1140
502
9276
5922
3669
1881
2211
3547
10714
6849
12059
1020
3618
476
4571
2200
4900
7151
4683
2453
632
143
7503
20312
8647
790
13385
393
192
6688
500
9431
2619
7498
2441
309
2405
780
2547
7242
6038
3579
961
8107
10008
1363
3340
4191
2897
6954
1842
321
508
183
4786
5423
3572
6060
185
352
2785
1106
15023
1453
12037
2242
2860
2825
9072
6033
14887
13651
13954
2358
2323
1504
8454
4167
403
2945
8929
8171
846
1525
9937
944
6598
3171
4860
1284
3038
2513
303
7926
4582
10072
1397
9170
11649
455
2026
55
1386
127
2741
1947
3691
9243
1855
3877
5203
11922
10988
5688
1832
4072
649
2324
331
5000
8288
439
6
4193
4691
6233
2285
5761
1024
4469
7331
2478
1843
10333
1855
6580
16828
1002
5374
6732
1186
7346
4667
164
1346
6466
15641
5419
918
8450
1626
9537
388
9191
5055
5550
2168
11945
3533
2378
3861
6556
3479
692
5398
3203
19112
1677
270
943
2519
3584
3364
12059
2028
994
18146
1311
5278
2589
981
637
1406
2620
10224
2664
2052
1589
170
6933
1038
2
6370
1540
2727
1982
1048
4927
2775
1426
9519
5246
51
6312
1746
17509
650
583
4047
8028
5202
705
11255
5004
16376
359
3082
7293
19331
2077
845
70
4122
755
14520
9226
36585
4255
8390
42
1832
629
29798
3751
3815
5112
1238
7408
451
713
958
603
2454
496
3683
122
25609
4126
780
4649
7636
31
3974
3316
4014
4854
2556
605
3487
17808
11398
1446
734
13305
1505
17360
18400
13028
1649
739
2176
9356
10197
1418
575
10107
548
5398
1634
3690
8508
1103
5711
100
3635
8317
14064
7884
4320
6552
93
6267
3998
1708
3574
4330
8330
2320
4429
1331
4662
673
239
1336
7216
19257
282
270
2843
6128
5092
11675
9469
5263
1712
20881
14517
19512
3712
5705
237
2194
2503
4050
13168
2264
2762
7998
1230
3436
178
4241
1498
4124
11981
7589
9130
1184
2447
815
246
9865
13176
1476
8364
319
6747
4353
14362
1027
2874
538
859
3022
3958
1676
6078
22663
5978
2448
7865
8446
1453
2910
9350
142
2560
3818
3333
1183
883
236
805
7511
596
8191
8085
2269
6819
8407
2907
993
3347
2
1531
740
9877
6434
8058
4960
389
124
4106
6521
25
29139
1916
357
2608
5449
4186
5825
1007
1610
7818
7668
227
3656
2857
5810
1120
2266
3228
1462
3892
8745
1406
11549
249
1791
8331
169
883
4869
6479
4748
5714
84
276
7827
1101
6184
1767
239
4162
10610
531
9366
12951
521
2926
8926
2632
11445
646
11698
6741
838
1851
4272
3588
8615
12894
10633
24943
20390
7597
614
4305
621
5362
454
5326
10862
963
4846
3550
393
12473
1462
2746
2895
7371
1350
22430
4460
2503
1162
2936
295
1706
1272
8397
14579
2194
3411
3827
3611
5910
5307
7643
11449
4120
7956
1421
5041
905
852
10701
3921
8953
78
2934
222
63
3469
148
1049
17730
7011
8011
12703
9109
4857
1063
7895
1010
2469
360
68
1089
2840
7928
2347
1945
1385
7172
1381
4606
1287
401
2937
2147
4667
1566
1487
3433
11678
7183
14431
402
389
5222
8656
1115
4029
742
6888
5854
3845
3308
219
6387
3189
4637
371
1668
17964
844
14309
8974
861
6559
1483
5151
17610
6861
1256
11310
3670
7958
1958
4
120
3349
6878
2041
605
12682
3913
11020
3815
5100
1275
4812
5659
858
4865
11264
4437
6352
2237
450
11189
1312
2536
5975
6971
4071
779
4222
7634
7928
2377
8300
8057
5041
2137
4882
1888
3150
4789
2927
7442
6427
2219
5091
8511
2235
3407
188
885
2604
412
4486
8255
523
3700
2199
6320
402
8693
7107
16187
5443
2649
8997
2429
15353
12698
2326
17278
16447
3213
6398
2595
269
5820
4124
1400
4899
8490
200
1687
2313
1057
9390
436
550
885
6655
4537
5232
6207
3199
1950
1477
2629
5293
6137
4045
1994
2452
4772
688
4679
66
3426
4858
9613
1399
8348
1791
3662
6004
768
682
1351
2660
18550
6247
7510
5733
968
6090
4593
271
27061
475
45
7074
1333
11032
4163
9077
2646
1603
5496
2213
1539
2980
6112
16630
1966
5561
9527
108
2935
1438
2301
151
1848
7272
907
3666
1917
1882
6699
2997
8542
1623
923
16612
15567
10993
3390
285
25925
6821
11316
6728
16627
10155
13127
7358
7442
134
2996
1795
785
8154
8857
445
10
1488
7025
1447
2369
5761
5490
2686
5806
3079
2402
16440
2112
4780
11381
3524
176
4481
7377
6010
4696
6649
3077
4578
9316
2974
7140
3385
2548
3614
11282
9950
138
1778
6079
2922
4025
1262
3589
5732
5007
11004
1115
820
1506
1530
8252
3006
1453
7967
11675
1672
1198
2186
8416
3093
24578
7158
5534
2439
1586
3184
2911
7843
2043
10208
3388
290
6469
3804
5145
1317
730
4994
3352
4825
2496
1907
15360
2883
12379
886
8166
1583
3562
2416
965
1959
7540
6997
1543
2976
650
4193
4801
3887
4139
11364
2079
1603
13281
269
525
437
5035
16594
381
1668
319
3115
880
21424
15410
3171
4550
2631
274
848
3010
2036
1737
4381
587
1025
5694
440
9490
149
4352
1855
6364
4082
2181
316
179
5039
1599
2708
5486
3873
681
10296
3043
47
1852
7084
3775
5478
1192
3700
15535
1925
4503
2788
2438
2198
728
1528
702
3414
8133
4456
8720
12080
12669
920
2838
1688
6765
4786
1231
14112
3016
8526
2204
7598
8818
162
23062
9042
1614
909
3653
3046
304
5083
5433
5602
7040
1090
19809
3275
5084
12301
8927
1311
9847
7149
690
3839
282
6681
4028
1193
1361
14961
21524
8601
2345
4923
12679
12265
926
10243
8127
6818
9917
18920
11570
6305
999
1533
1808
2704
4614
11414
12319
1391
9253
7754
3125
20225
16595
389
17752
505
7226
15294
18483
7956
1085
1029
14392
10103
3164
5588
19298
983
850
10034
6039
41
5775
998
74
14825
4468
4979
1408
7571
6546
1094
4087
14907
5123
2914
839
139
2819
4913
4284
3003
583
2853
10777
5520
4504
1304
3749
6383
466
6247
4385
1052
4539
5515
12836
6168
416
3757
8961
1168
5071
9177
927
201
3332
5752
3036
1816
17222
857
2860
688
7742
3460
3511
26696
233
17632
150
6483
5461
3726
2081
581
2725
12042
1686
10801
1143
12392
984
3385
868
3482
14
5026
3138
2233
2109
104
4473
7469
312
1440
4930
8845
837
8666
7146
4577
6717
5805
3529
1448
25194
8629
5070
1945
1020
1328
4059
1930
441
6179
909
1436
717
4060
2360
472
1170
1188
1183
11551
19033
3736
1266
1697
556
12685
10187
754
8501
930
258
506
839
4197
6877
2371
12893
17107
31710
7216
2252
3339
6188
487
12415
2384
1386
5718
3332
11767
375
8207
8530
10434
2065
3954
6432
4507
1657
1601
10429
5561
6543
4236
2616
432
5025
3290
5178
2569
13686
6283
6516
5799
3797
5706
131
1051
1854
4055
1312
3065
3976
3406
3667
8119
853
1215
3413
5496
6858
713
4413
2973
34
9147
68
16274
2249
633
8363
4056
3008
7937
604
12012
3755
6551
2562
1715
1708
957
2322
3735
1077
589
2465
6264
12886
16390
6796
3753
115
737
8111
4642
2274
5285
11505
11370
675
11541
1436
1862
19404
3000
627
1875
3619
4594
2163
4992
2870
9007
3536
4784
2963
12307
9644
7566
1879
6489
4502
2976
2053
311
15093
11580
2487
252
366
4302
11969
623
9237
9467
3877
3053
3580
9163
4585
2555
690
1280
822
40735
2862
3643
8235
6920
1600
252
3152
1060
2352
7078
5151
5113
82
5768
1195
5382
3677
348
689
1827
3687
8850
20472
9294
3079
367
223
41
757
1220
4624
5632
2577
5846
3879
630
3814
2097
947
2668
8092
3470
1810
2654
721
16911
7720
1761
398
7983
1384
897
3880
1029
4218
4564
1933
18472
20
14216
849
283
8787
586
10857
1366
10492
1364
314
2073
1326
3746
9855
15392
1256
8546
20034
1037
4941
7643
7061
448
1265
8133
1017
3301
910
7629
2250
4412
777
1153
7014
14164
350
2510
8052
3815
2023
1064
22216
165
580
142
787
1660
2605
216
764
5150
594
7737
22819
14673
11642
3267
2031
8201
3726
4408
2226
4500
21532
13858
7017
4429
1751
14883
1353
7392
1824
3823
6394
7362
9815
434
3512
1548
14856
4128
598
145
4467
4635
195
1167
4475
11283
1250
3977
20714
9427
2472
567
1138
6017
2060
1720
417
202
861
1308
800
7063
49
3285
1211
5314
2577
12841
8218
1099
2953
4348
4356
9563
2977
840
11752
87
13373
10478
10220
2686
6225
7437
1240
5330
1088
11516
948
7959
15433
2396
1498
9793
8057
519
1694
448
15395
1792
4630
77
3752
3203
3327
2577
2725
6860
12960
1924
5938
24556
1381
917
12917
9849
177
1292
778
339
16194
1635
1794
6322
7518
2461
6930
4803
648
5060
1460
2746
16196
6563
12933
3982
9830
22636
4168
9313
2265
4994
9515
2387
2388
10901
1976
4957
4593
4987
1182
8157
4193
17118
3653
3821
1120
2237
261
1549
6612
4894
4414
13348
5720
17815
4448
5403
2500
2744
149
2840
30579
2876
3819
3756
14768
9039
2746
6918
213
3288
5341
4169
4507
305
8316
1173
1755
4836
2636
3588
11408
611
1236
9361
9102
1364
3245
1537
4335
171
2630
4038
3774
459
3595
2545
16632
221
10337
2743
2374
4243
5859
643
2943
1662
3009
283
1399
2277
1034
3452
9180
484
2572
2348
19
1867
39
9808
3312
610
13545
8724
934
6150
1324
5110
15501
1122
759
1463
687
4852
3346
6598
1560
6359
259
15026
892
4908
7247
882
1336
411
5189
3726
18795
25932
4855
2689
1185
5978
234
7999
4289
1257
2109
1818
6835
5049
846
939
7931
2001
10049
15617
3169
2697
5221
1600
5482
5497
4173
14477
10048
1314
16233
231
5068
166
340
1364
2728
901
7931
3374
9986
7232
703
2768
15849
4251
708
17521
629
452
179
1263
653
4869
172
582
1128
160
2304
87
7900
2768
1027
8718
927
412
5284
8821
22818
3490
239
13639
10908
3314
923
6462
8379
4436
1627
3037
634
463
7889
1823
289
5533
281
3865
4528
11486
8254
2065
16938
1143
2434
2056
2523
6675
7690
1447
2453
11227
18447
7039
1919
491
5070
6537
59
15981
1063
1006
7826
461
2905
1299
10293
3183
6768
22743
1175
2896
145
445
6904
3073
5300
6955
4000
2224
932
6466
382
3150
1826
3858
2900
6666
3905
22789
4471
3081
1354
1155
1059
2227
2505
2661
5794
3064
8766
30
3418
6161
13135
2550
8497
77
378
2000
14746
15400
6496
10643
7064
3314
14078
2439
1631
246
615
5402
18802
7311
9403
47
6246
6012
563
9351
11086
9183
3340
175
10770
1277
3696
32
982
7634
8213
11095
146
5403
4148
2348
7259
2892
5762
4668
1267
823
9331
9768
3354
6761
1843
367
2767
2397
5657
6460
6419
11232
995
3164
3206
3722
3411
3266
1626
1346
14904
213
1525
4705
3589
1372
18285
5475
2432
105
12247
4126
8951
5446
8557
8790
4016
7957
14341
2082
3756
2848
1833
2069
1841
256
7608
9151
5074
2755
4308
2715
8344
5450
39
1649
1050
2952
329
1242
7129
2854
1441
3885
2282
4586
5740
5860
1647
2975
323
1911
5720
2
21024
3217
5237
22741
2819
7043
1430
1494
2132
6620
626
2659
669
5657
1026
4129
1132
1795
20319
2379
3883
315
338
4006
4041
6832
2489
4669
2232
584
7583
7597
914
3869
6426
6063
5204
248
5151
5186
20921
12794
2437
21376
2260
288
1419
6639
8111
855
6268
3086
4298
12340
1442
1588
857
1383
3155
5568
2689
15380
784
6096
90
5816
2791
4360
490
1047
1021
7168
10597
3076
1992
5440
2475
236
2352
11854
5224
1544
8200
10875
4443
4571
323
8612
3145
354
977
2229
604
2338
1330
2652
907
13843
57
1141
27483
7126
488
5086
620
10086
600
6190
11117
1517
5707
11502
157
9410
12341
4943
5145
2939
8891
4234
6033
12835
3491
740
12889
7697
5961
3520
8252
958
59
3267
10212
10845
17013
5120
1564
865
3465
203
11121
2530
4929
2583
1114
5621
337
2458
367
442
6085
1241
277
2169
24364
4155
1345
2392
8350
50
2232
8539
7578
15754
300
3710
3526
4554
2783
6153
1838
370
7089
4018
2853
4744
2925
10101
3064
4403
4251
3716
3113
10621
5785
2050
1129
7953
11391
4372
1039
143
2320
4497
4874
3397
4273
2164
21082
2333
1036
1297
3996
883
2679
4773
10893
1282
3046
16106
1284
2357
5169
683
13005
19181
18388
6899
6397
1994
2953
7805
2441
524
4309
282
2636
306
7546
2
2577
469
3319
2591
5402
4494
7451
10176
5162
4441
20242
1748
220
8838
56
6048
3567
4169
1093
3927
16512
705
4282
4133
29266
613
3478
12154
1006
8503
1242
4724
890
2306
4906
10285
161
492
5471
3263
2674
5603
1577
4567
3939
2583
566
8692
6121
2206
854
3755
2999
965
3264
7250
2566
4282
7193
1046
974
5089
709
13652
2440
1029
1107
2272
2278
2789
125
10531
8486
7566
2288
2555
911
8150
17872
858
8000
3000
6491
865
667
1774
8541
4677
217
340
683
5120
2462
1335
2390
12101
2031
11894
12297
13109
138
1609
5853
521
4254
464
7645
1937
12122
1093
2877
2406
7805
1204
2021
9644
540
2435
1070
13157
3449
6252
6675
7363
5006
6565
19864
6709
362
3367
4459
1283
9431
7790
7651
1480
17247
3510
1713
492
2308
5858
2637
2408
1774
685
4190
322
1435
13045
11194
2376
6742
579
8997
6898
12424
603
6286
1162
13080
2957
2018
5176
31722
3858
6723
7135
658
1173
3741
6094
3849
6818
5696
1767
3709
1121
6688
1568
481
5682
4683
7446
4271
657
1975
25118
876
3854
1119
5011
6567
7851
11956
2763
2228
1293
2986
1134
3900
1556
3832
4823
2340
272
4144
683
11578
6736
1559
5396
7476
909
667
1115
5778
9530
102
5131
238
675
3844
2
15020
2277
31
2538
3280
1153
4233
3101
371
3865
3288
9159
11110
12704
7175
10385
1679
1590
3973
7105
145
5400
1215
2063
4475
82
4669
637
299
81
4360
16712
6100
4043
863
3581
3803
1944
12970
3846
2632
62
9837
635
6774
1207
249
388
4300
950
245
3961
4283
6397
11678
6110
13261
3353
35
1314
5949
5027
2562
2725
2777
739
7210
1185
130
3606
14415
4710
8481
8508
15592
2535
622
3219
4428
13660
6288
199
1171
11699
6363
16000
3811
480
6981
1549
4311
1277
7429
1317
5515
1757
637
662
395
1996
1393
2642
2712
7125
2619
1117
11127
594
2508
6640
4284
923
11695
14777
1368
2954
2083
1649
2809
17509
4274
6966
8507
1554
4772
8382
1689
1264
2194
3232
1097
3106
728
3293
2835
257
5593
7631
506
2806
1163
6729
6363
11603
10239
3930
4442
2027
5274
5629
3940
8893
2040
6132
1104
37
12048
2320
2657
6394
2056
3843
17
6617
2392
7517
7829
7074
1360
1297
5285
3959
5733
5964
5394
981
149
521
679
1542
12081
8296
21424
3
10511
13367
16536
3209
2990
290
866
13502
17490
1670
1851
5871
20059
17814
2185
2372
12453
2217
3976
526
12993
1699
9370
3212
2901
253
5805
11502
8892
1980
1272
1887
4989
4992
4493
2051
6530
1536
2590
2943
781
18224
1408
7059
7639
6776
1889
1957
3052
1636
2551
441
5473
3206
15383
11463
2705
4384
5711
1621
842
22073
1698
5798
718
534
2635
3640
162
5975
4059
9583
2788
4436
10
83
12057
3026
1213
2715
1685
4425
7885
6208
3178
2220
860
79
776
486
5535
1909
6234
1170
3198
10158
4208
2442
1384
1341
1423
2269
7220
9646
9099
3756
15005
3438
120
3505
1751
493
2847
4744
4955
4586
5501
2738
10999
3235
3014
3669
24942
1033
3305
3537
1105
941
2859
2025
20654
2949
3762
693
4281
2488
1214
12160
213
22
3997
6539
4522
12644
3479
9810
2372
2115
3210
7343
8659
292
3414
2040
3300
431
7009
3207
1715
1624
10514
13666
5023
14866
1059
7070
17124
1145
1085
2827
9443
10275
4603
2336
6011
585
11950
8195
6771
3062
4474
1651
2430
7058
2760
2452
10421
4764
4605
7889
76
1789
2380
3680
7215
1601
12872
10542
8313
1555
4635
9321
2643
1498
517
1524
2462
590
36
1649
629
2119
2384
2083
3326
2746
8883
12604
2451
8408
4
6026
3174
8600
11387
6617
2069
3012
19018
99
219
2311
239
9439
453
548
123
1868
2297
1356
3926
6124
11438
4234
772
14008
4141
4673
6101
174
164
12347
10352
1105
16612
1124
11235
10700
28989
3009
3887
12127
2528
7062
1108
5835
3213
174
14643
1533
939
4727
10130
5093
14295
19821
3099
4119
7118
4789
5982
13125
1534
15038
964
5243
9143
22174
24296
3516
6810
9969
4813
124
751
6966
1595
4432
170
10737
5084
2097
2083
5039
6049
1798
2061
2086
34
10798
482
3231
5227
893
2432
10087
1430
2390
7159
4896
797
1704
11330
37
1733
7363
1669
663
10697
1425
4908
8668
596
2130
4638
838
5825
905
9898
8359
12749
2800
8320
1603
605
5883
2015
368
3131
2110
15607
3416
3856
3544
1204
1984
2452
305
3732
4281
4277
5316
343
7419
8034
1275
3477
10601
3701
2498
5501
12895
2104
1719
4448
336
1193
2696
6279
314
1850
9183
5720
2253
1717
2513
5356
2742
16120
493
1472
9017
2759
1330
4823
3280
2820
17093
25
17748
5822
575
4917
10545
4679
8880
1882
8564
4243
748
10877
6793
31
2568
16509
15917
5663
15351
2942
13
1746
774
1695
1304
5724
2615
8464
7313
1031
3266
8818
6710
420
786
1092
737
379
5782
13567
2768
3129
3488
22441
2556
1455
5657
2451
354
19373
3267
3380
1190
5751
624
6793
43140
5267
10160
20087
4737
2069
1482
7308
1872
109
3957
11177
3636
38387
3146
5261
4145
4595
1715
7163
7735
914
1788
214
1562
865
1501
2700
1586
5153
4110
6753
25
3071
642
11812
1259
104
1597
15761
3075
848
2308
6865
4274
1254
2488
2183
4895
7380
7320
4352
1265
4638
2869
11631
3640
2323
6963
3235
14800
7676
3900
1605
2221
3864
1855
188
2532
7154
1779
1147
337
3600
1895
6232
3128
14
6929
453
2629
977
310
9507
2161
694
2373
4547
505
603
7202
7966
2205
119
990
22220
12767
9249
3893
3737
14501
7679
2526
6357
5833
469
3107
316
12111
1386
3293
4727
285
4396
617
9131
2433
596
2455
6110
16416
6570
13731
5495
9787
3083
18872
1820
4169
5539
7124
1590
15010
1228
6932
6218
1199
1557
819
3935
1982
1897
1139
1429
14500
1392
6909
1423
1184
1173
7484
4063
3158
1352
15369
2324
2000
9161
4005
5037
8258
1416
3894
1929
2891
2165
7940
909
1343
3632
2853
6316
3257
1940
29694
4939
44
175
18619
9101
258
10514
2521
2616
7407
3953
2428
4344
490
449
139
4916
15735
17222
3728
3925
7
6044
998
1976
2682
202
31374
7327
3111
11812
13716
6749
5553
12503
1489
6002
5467
3064
1721
5166
2446
6977
152
4563
2994
2604
4691
906
4223
5822
2125
10757
1034
1521
1236
796
5580
2484
19656
3435
2320
3651
1853
429
13685
22849
19311
3597
1740
1395
2127
31683
2041
3785
519
1580
6141
714
747
14853
3325
14754
6528
172
6006
861
3378
4425
6563
177
3542
1536
998
3979
15260
16144
20401
3061
1111
733
1121
2027
4718
711
4967
1298
253
3246
18499
12252
5073
5726
3481
1839
9989
13267
23050
1172
1602
359
5265
1392
2148
8301
1915
3577
7836
6667
554
9917
4026
3752
1949
395
17145
14624
277
3170
962
3570
736
1845
7195
7939
2703
1090
5329
1798
2295
1134
3407
3847
1
23112
17319
2706
9363
10995
2284
9356
3595
1591
8290
2624
622
271
1212
8830
195
453
1464
7792
4748
12886
4367
5308
11249
5677
24131
2531
7486
957
12267
2080
326
12656
4951
668
3950
16240
996
2645
200
4906
1322
19642
5825
9467
8870
4036
1082
1995
15641
3634
10505
2017
21393
969
10956
1964
1190
4355
767
8750
25
27854
10601
2466
4567
12260
11202
5027
3738
9866
2105
5690
623
811
7798
4688
2288
273
11330
6300
2240
1783
3814
669
945
7690
733
15089
1360
4685
5815
1162
2094
7465
1371
5889
3645
4958
6171
598
3205
838
1439
841
13205
45
4171
2214
5693
675
2838
2530
6041
6543
4612
2513
8870
269
1150
332
2734
7794
382
864
2466
7413
5269
857
1133
11832
3621
2253
13081
17528
9067
4192
8817
80
1642
631
3648
1433
3241
5302
1265
4902
1432
3978
6014
2150
1991
641
15393
98
618
12164
9218
8610
9013
2063
4376
8182
8013
22621
6231
5922
1314
10030
6178
6033
2556
2571
8299
1151
17714
2550
4552
1123
5410
948
2663
812
1196
5447
16267
2935
3278
107
12393
176
6314
1261
6727
2176
1153
830
322
28
605
10005
7273
2349
5408
5108
576
7706
3566
74
3509
814
7029
21375
5208
372
11650
2505
3139
2051
199
3574
1197
4829
9687
5621
6472
10964
80
2149
460
1154
4969
2756
251
9257
9771
3080
347
1715
5052
4511
8131
1976
8980
4146
6688
1168
5701
13170
8121
6434
8672
7818
1667
1006
1764
1818
6271
9635
282
207
1262
10540
8360
447
15683
20126
6838
787
3417
2211
3338
2372
10399
14075
15849
4033
1417
12898
5984
5953
6726
1250
15406
5953
672
627
3695
6864
5087
4781
258
5672
8299
6548
3036
12806
5539
2817
3312
2350
1283
975
5146
5600
6963
10446
4609
1692
682
1510
7360
65
1013
16552
2373
4069
20714
185
2737
1548
6509
2366
10630
3887
1382
1117
2321
4864
17517
6054
2021
13125
4182
5786
2767
443
5116
2624
12621
4051
2531
26819
1813
3289
2770
15801
796
21882
5663
4956
2996
2684
5659
256
1241
2054
15420
11646
3814
1458
5056
2000
822
3459
3699
3324
5848
3259
6753
4364
7115
1782
3783
609
11110
6460
4114
5910
248
3987
5839
4712
1828
723
10625
1606
4091
4471
11491
1844
2782
1252
3720
5439
9997
6142
15923
2591
2887
6900
1195
9896
224
7077
7626
10287
17637
4000
3060
1098
7507
160
1909
372
5569
1705
1539
6257
7889
1237
1912
5767
1662
234
15002
13031
151
562
39
1530
13986
11728
2803
1224
6599
11006
18529
7852
10276
983
2877
3077
1159
20021
1565
8303
6787
2589
1436
11498
3987
2269
5082
1369
2864
8065
2415
9605
2673
1681
20440
3827
2045
5953
190
2956
2246
2586
1870
4430
2342
13030
1161
10603
12647
1250
2894
5624
7946
12310
451
3801
279
9426
1149
9486
3141
9392
1316
2456
116
11046
674
6069
2063
12790
3855
6808
6211
59
3980
8679
3321
1253
1487
2147
194
4240
9136
3164
4792
588
1542
2852
3014
2279
78
2778
13624
4761
2788
9651
890
2985
2379
752
7601
667
2820
9056
1573
3631
2385
700
9179
4149
2009
1052
4022
650
1930
1726
5434
9539
5945
9215
7466
6379
462
1006
21
2013
7975
1433
1342
23010
3867
6354
4142
4963
19542
767
2225
9585
915
2559
6017
6247
22
14025
3517
2880
1360
4431
1658
225
180
13177
387
1791
1787
12273
5496
1040
2587
4716
5400
6653
1309
3010
14348
4151
2102
2390
2120
11097
224
19089
2638
1021
625
4573
4449
143
6112
237
4551
4354
12509
5852
24271
952
3311
3925
844
2579
3183
312
2863
101
2733
5902
426
4126
5834
1045
1093
4896
4784
3762
3919
1027
8209
10156
2678
10944
3790
2664
4526
440
11734
3035
1585
303
23907
3270
942
4875
408
866
466
2232
8217
4235
345
9221
13418
1288
12532
332
1804
8927
1477
3895
5083
2678
2218
288
6926
9440
2174
4315
14170
4278
2062
3007
14996
2410
2427
1578
897
5909
5127
4092
1799
1269
2613
8119
2607
4775
4701
3922
1413
12183
12298
2056
13
3961
4194
7754
6548
4145
2869
5654
6441
367
7612
1457
6604
2995
1679
2857
882
1307
3587
4558
3062
10994
4404
1925
8322
3142
10114
6775
2422
6916
1944
6168
8158
7437
1567
10549
4569
6713
1770
805
1030
20659
4053
9114
1792
1578
2061
2178
11596
636
1131
8631
718
7470
8479
5345
1466
2734
1867
931
6035
2070
4791
5713
2326
8692
3564
409
1073
5273
12749
3788
3483
4340
214
1406
6670
11604
3251
1201
3821
250
6980
305
4689
159
17449
2398
4736
11388
758
7380
1675
5987
5663
650
4143
1989
10940
13502
12354
552
5679
6044
44435
5567
6868
286
8421
2087
8973
6955
3482
9103
3643
1575
86
2202
477
13622
2926
5886
1302
1466
919
1566
415
3129
11481
2112
3546
1836
10228
1999
5165
7667
2609
6875
3150
5229
5087
5084
4745
5249
3619
1550
4592
1103
2152
12620
4370
6271
3931
8664
17529
9333
7652
7323
1014
6715
2176
1032
1039
1024
4614
2628
5853
1514
8068
1496
2916
7608
1070
268
17391
4304
2270
5184
1239
8379
4443
3502
2166
671
4137
8295
607
15337
887
4191
7135
4987
2581
9981
3563
5919
4225
1185
8804
1313
2764
2793
4161
7011
162
5264
119
2605
608
22070
11207
826
1356
1336
3060
1326
523
2466
86
15636
278
5531
4287
70
13488
707
1236
6887
389
1651
2074
10753
8667
4984
1020
4067
571
2647
13103
345
2917
1763
419
9511
677
9940
10002
2231
2301
10024
3348
8912
5814
7280
4536
224
9784
4837
2151
1212
1975
17633
2513
9802
3549
3668
2389
12484
3024
2887
4556
18901
2123
2538
213
2472
3478
4726
1516
19280
379
2564
8687
2168
8052
5725
706
8643
111
13325
13
1616
4603
25
1482
1325
4846
13752
758
262
4063
1694
1869
11207
1911
1424
10383
2156
2611
2161
3687
2427
352
5997
6128
4089
1860
10023
1968
754
10972
4292
3894
765
1232
2581
1410
2606
1695
1442
5127
7567
693
2884
4199
4056
87
11646
13827
21
14634
8291
1799
1914
518
2824
17938
2997
444
423
2368
1860
7043
8452
1660
1564
1832
4158
6627
13631
8741
1102
13027
2322
862
1254
8763
6555
34
9539
7224
11115
1418
2211
2306
12731
4068
1560
290
1268
4544
1590
7077
4956
1017
1435
1715
3953
9008
10497
1973
222
7356
6116
2411
25979
706
2685
1231
3429
1526
5439
1190
9846
7947
11903
2240
6449
883
1967
9826
7835
3230
3263
1790
1093
4247
192
4978
145
14861
5354
1773
1940
284
19672
9109
769
2492
6420
721
5246
3978
1316
740
1469
1509
7865
8367
3483
15392
3368
432
161
4458
3237
13040
618
6746
17962
14010
2338
975
1509
2909
8548
12146
4169
3225
3626
236
8541
71
926
3459
2711
2410
455
11151
1723
20267
8493
630
654
710
848
10052
4068
12187
487
2132
4051
7150
715
2049
14563
3023
2234
16051
1104
1792
306
5928
16641
1300
10167
195
4439
965
4387
449
1318
6438
479
3176
16638
235
6458
8131
12598
133
8910
591
6299
159
13578
858
436
4031
3788
4356
11177
6690
1733
10978
1612
3382
4294
3342
4334
2414
61
1847
3469
1001
4268
7536
6811
6292
11648
473
11621
1715
5029
506
5170
53
506
989
691
1191
3765
991
675
5703
14526
266
2644
2237
500
8937
9842
2412
126
3877
6734
8645
19680
13741
10827
11101
7625
252
347
2903
9560
3767
167
5334
5807
4954
7386
1956
72
267
1988
299
12557
967
10772
9915
12119
928
2510
1062
7036
7836
1056
1865
7569
6625
8791
20981
655
1170
592
1926
4968
1718
2260
3762
1529
4543
1870
1406
2161
21153
1107
10305
5159
18514
503
4161
1973
1187
9919
2139
469
2268
2901
4448
7743
6520
14460
465
939
576
188
6634
2460
17002
3963
13080
2086
3025
139
630
1191
18085
14110
5516
7369
1983
1262
11276
6802
5199
3250
15223
5343
9878
6302
3628
4109
8666
2985
54
14449
3919
2388
6687
2765
4268
3905
1162
2770
2260
321
3524
4465
7372
2558
3604
1915
784
974
7499
2148
2962
4172
2075
2498
478
2459
1671
3285
957
1403
13288
3130
8998
644
2139
53
2463
6596
124
10317
7629
148
3136
2908
708
3723
1824
10
3418
2458
4189
10244
1084
7050
6033
7697
1023
1748
1636
11685
8935
1275
7503
3465
2162
7394
1015
7080
150
3823
20166
332
1011
4240
1953
3597
1719
1346
12648
9136
550
7372
5190
12106
1847
4297
5063
4487
8361
4942
10369
11449
77
906
3154
548
3115
593
4378
3929
705
356
427
4131
4023
1851
10475
5529
3810
14010
6730
5630
92
971
7331
15366
2569
8184
5949
17289
2996
5438
83
5015
74
13237
5619
1776
1005
2242
560
1405
1713
6733
352
34991
11904
2119
1745
1290
481
9240
807
5009
12079
169
1694
1198
539
12510
1778
5467
147
8023
84
213
268
7112
6079
10806
1803
3744
3071
1004
10570
8550
2234
3264
2594
40
3386
8475
11454
11126
3864
12586
1039
3409
1358
9161
12877
10126
4212
3064
1160
177
21751
18499
7671
3278
7236
20523
4508
5622
198
9982
1735
686
12753
3868
7275
5620
563
1649
839
542
7209
6237
6024
912
16436
6517
3699
14486
11445
8925
515
1446
13408
2201
8282
2513
4571
8025
16721
1851
4264
2262
6304
4827
3306
3964
2601
677
20508
560
9104
15679
4215
11754
22191
2166
3827
14640
1553
12113
456
8377
7866
5939
1980
6772
5227
2640
18722
5408
7348
5583
3367
12993
8601
8824
2958
7314
2497
116
1270
6979
844
8868
4611
153
230
4747
6938
3282
2967
1327
516
1277
8788
5612
217
10657
106
2875
65
2558
3249
1555
1487
4209
10089
550
3646
2655
383
8492
6424
6794
4313
8067
3724
4140
2739
3667
199
11150
6885
3954
2797
11950
18092
3984
5426
13416
2784
1735
7586
9255
3496
237
9178
63
578
4141
4088
6574
2934
11626
4484
3827
9180
187
2259
231
2499
2387
8421
1967
4125
10543
11051
225
6509
1532
7354
5578
7139
4670
200
2245
5888
15909
6552
7776
2292
1127
3584
505
786
10201
378
5627
5006
6582
3228
367
14209
17496
2684
3449
3298
4404
1763
8531
1686
1184
4320
7087
2973
2147
552
2657
272
5722
6515
3020
59
2152
919
1043
581
1507
10848
126
1998
11471
5488
994
1132
130
2594
12615
8253
10064
4919
4854
10245
816
14297
8270
7310
3565
587
1784
259
1808
119
3505
19748
3476
11413
770
314
4118
7086
8772
336
6648
4537
13283
6784
5579
2121
3534
2634
7041
13884
527
11824
735
1683
3118
4899
7491
874
9654
4372
11645
907
2289
2344
6124
245
1952
2476
8368
38621
378
6518
2605
1777
5725
4874
2079
4521
3335
260
7774
1070
10732
185
1377
8311
2439
6543
5543
11014
2024
11779
7727
4729
2862
6041
303
440
996
1036
148
1113
6292
3247
3032
24167
416
154
9428
4440
6862
234
7984
716
6337
64
1030
954
1375
646
208
1379
2177
2578
5148
9365
11720
6039
11064
6566
500
14638
630
4495
6991
7022
5672
11284
56
4542
1507
1297
1445
12606
1169
5143
1246
12326
385
4117
24005
337
867
4890
1289
4315
10618
627
1315
4367
1753
4698
993
698
3323
8742
25031
929
3046
418
1779
348
1854
1804
7197
7279
2754
311
9148
6448
30162
5305
5239
8112
14559
1108
1141
1500
4431
303
1256
2607
830
9976
3858
1236
292
400
62
4620
4807
2038
1944
1000
315
4516
1594
1291
1907
14584
11940
4612
5352
1124
1374
5080
908
3694
2727
4028
730
9774
2783
4806
1776
3915
400
1652
2220
32080
728
7581
5446
1269
11102
6521
2067
5286
9576
453
869
5975
2099
4316
1010
6084
701
18971
4283
7093
7642
3903
14098
268
3204
10490
1949
651
5279
3197
10244
4491
1317
669
7331
9114
7788
2786
3015
1103
3187
2370
1022
1711
4001
2279
7415
2700
4179
11556
7653
1742
5480
25555
28538
1198
1713
6470
1399
2363
1403
3060
3189
2008
8992
1448
11330
4521
12708
4525
7247
13071
3456
3727
10796
15289
1801
3722
2836
2383
230
991
4249
30633
381
769
3602
7349
7994
1200
269
623
17519
8610
153
12278
2556
6241
3629
6384
2954
1495
2177
1732
10287
4353
13434
3050
3685
3828
894
3151
399
10053
1566
2984
1659
1519
3837
3320
8066
5304
2058
5323
3407
1686
7973
5314
6877
828
4181
3870
5208
7044
2253
7188
7711
7836
1275
6008
2681
1088
2956
4014
7857
6645
5061
3702
25267
3399
2295
2826
1485
5833
1165
10492
3486
1953
7724
3704
1768
1954
956
765
7437
552
102
2183
147
1839
15256
21546
6311
8838
1303
1784
11445
4606
5551
1460
11324
5671
1157
1731
11621
13370
5685
4019
1363
5242
2290
4482
8965
6496
3276
1833
10142
5351
58
1343
6843
2077
3017
11466
7893
12011
6135
3003
4039
3024
6057
4709
11916
2311
2947
7702
1701
13018
878
1227
5846
14135
10401
17270
9079
2967
9534
12731
8884
4354
1930
3043
3866
1252
19476
75
6023
10167
590
224
1971
1690
15815
386
1072
961
1914
2196
22417
7867
2914
3100
6030
6368
807
4788
300
3965
712
7283
5583
1504
13269
12848
2351
2369
2818
2145
1554
1041
4774
85
294
1120
2833
1507
2349
893
1234
3669
1034
1135
707
4723
9856
2548
58
4562
2077
3992
294
258
9806
47
4646
4807
1770
1496
1373
1486
6830
1996
4648
4313
648
2854
1910
2211
2263
3280
2155
5439
344
5051
12998
8268
4670
1238
5777
1758
204
1798
4940
6934
16298
2486
3974
5094
5109
7103
13563
2790
5612
15993
14344
2588
6317
4727
7873
2277
5474
10097
4699
596
2681
851
730
2728
11795
11433
232
34706
21694
2525
5366
6472
7756
2885
693
904
7765
4914
851
1930
7617
12443
9651
7959
863
1915
6725
4162
1961
6598
1994
1608
2605
1382
32
2124
1120
105
6337
263
6471
2435
2651
1428
2414
3112
2656
16576
6004
1501
1535
3019
116
19109
2667
5127
409
13028
723
2359
2383
4625
16231
98
2307
659
5721
696
2657
5108
1076
3329
611
5969
1082
6362
118
4249
1843
11076
16581
1400
7485
15039
8210
1759
3539
1267
21641
10976
6048
2547
3155
2451
2320
5007
712
1417
4959
7395
1826
6065
535
1843
3674
15213
1392
3250
9570
7907
8347
223
9339
1258
785
4068
1058
5455
5340
553
2854
74
5195
5172
1818
12227
913
6836
535
12798
866
10502
4362
7308
4086
4026
4405
9254
10873
1807
1252
11283
4179
7240
6696
601
8854
766
2842
201
383
5423
4544
13
5111
628
3842
126
339
11592
2609
3083
6606
1531
2614
7629
2358
5138
8770
5411
1816
7132
706
1852
232
5856
8031
8005
10788
1664
22108
8520
3509
567
1395
17150
2669
3881
805
23247
4008
3718
13
3172
7509
3326
6873
7513
3269
1940
3647
1372
7305
5740
21181
1798
6436
138
6542
4296
3548
475
6860
748
36
12459
23764
172
717
8813
10169
3631
6939
2159
10093
12220
37703
2089
2017
257
9471
857
869
2846
6150
2269
152
2889
1370
16106
2013
371
2119
1831
787
12172
21066
11835
16845
5153
2030
1688
2312
2342
3411
4239
7516
2894
2784
939
1567
1547
2008
4218
3881
11703
7488
